∂({"geometry":[{"name":"BodyShape","indexCount":31872,"vertexCount":6573,"attributes":["POSITION","NORMAL","TEXCOORD0","WEIGHT"],"caps":{"skinning":true}}],"hierarchy":{"id":"VisualSceneNode","name":"soldier","transform":null,"geometry":null,"material":null,"children":[{"id":"_Body","name":"Body","transform":[1,0,0,0,0,1,0,0,0,0,1,0,0,0,0,1],"geometry":"BodyShape","material":null,"isSkinnedMesh":true}]},"animation":{"skinning":{"Body":{"jointNames":["Bip001FBXASC032Head","Bip001FBXASC032LFBXASC032Calf","Bip001FBXASC032LFBXASC032Clavicle","Bip001FBXASC032LFBXASC032Finger0","Bip001FBXASC032LFBXASC032Finger01","Bip001FBXASC032LFBXASC032Finger02","Bip001FBXASC032LFBXASC032Finger1","Bip001FBXASC032LFBXASC032Finger11","Bip001FBXASC032LFBXASC032Finger12","Bip001FBXASC032LFBXASC032Finger2","Bip001FBXASC032LFBXASC032Finger21","Bip001FBXASC032LFBXASC032Finger22","Bip001FBXASC032LFBXASC032Finger3","Bip001FBXASC032LFBXASC032Finger31","Bip001FBXASC032LFBXASC032Finger32","Bip001FBXASC032LFBXASC032Finger4","Bip001FBXASC032LFBXASC032Finger41","Bip001FBXASC032LFBXASC032Finger42","Bip001FBXASC032LFBXASC032Foot","Bip001FBXASC032LFBXASC032Forearm","Bip001FBXASC032LFBXASC032Hand","Bip001FBXASC032LFBXASC032Thigh","Bip001FBXASC032LFBXASC032Toe0","Bip001FBXASC032LFBXASC032UpperArm","Bip001FBXASC032Neck","Bip001FBXASC032Pelvis","Bip001FBXASC032RFBXASC032Calf","Bip001FBXASC032RFBXASC032Clavicle","Bip001FBXASC032RFBXASC032Finger0","Bip001FBXASC032RFBXASC032Finger01","Bip001FBXASC032RFBXASC032Finger02","Bip001FBXASC032RFBXASC032Finger1","Bip001FBXASC032RFBXASC032Finger11","Bip001FBXASC032RFBXASC032Finger12","Bip001FBXASC032RFBXASC032Finger2","Bip001FBXASC032RFBXASC032Finger21","Bip001FBXASC032RFBXASC032Finger22","Bip001FBXASC032RFBXASC032Finger3","Bip001FBXASC032RFBXASC032Finger31","Bip001FBXASC032RFBXASC032Finger32","Bip001FBXASC032RFBXASC032Finger4","Bip001FBXASC032RFBXASC032Finger41","Bip001FBXASC032RFBXASC032Finger42","Bip001FBXASC032RFBXASC032Foot","Bip001FBXASC032RFBXASC032Forearm","Bip001FBXASC032RFBXASC032Hand","Bip001FBXASC032RFBXASC032Thigh","Bip001FBXASC032RFBXASC032Toe0","Bip001FBXASC032RFBXASC032UpperArm","Bip001FBXASC032Spine","Bip001FBXASC032Spine1","Bip001FBXASC032Spine2","Bip001FBXASC032Spine3","Bip001"],"bindPoses":[[0,0,0.393701,0,0.392667,-0.028506,0,0,0.028506,0.392667,0,0,-164.3254,12.33128,-0.00725252,1],[0.0302365,0.00234241,-0.392531,0,-0.391471,-0.0288221,-0.0303269,0,-0.0289169,0.392637,0.00011559,0,54.61099,10.06078,16.71564,1],[0.372391,0,0.127772,0,-0.12718,-0.0378582,0.370665,0,0.012286,-0.391876,-0.0358092,0,47.97892,8.45037,-149.5856,1],[0.325947,0.0704734,0.209266,0,-0.134175,-0.233119,0.287494,0,0.175373,-0.309337,-0.168983,0,-10.96301,73.21115,-152.5359,1],[0.329079,0.0539904,0.209266,0,-0.14573,-0.226076,0.287494,0,0.159593,-0.317766,-0.168983,0,-10.08243,73.81166,-152.5359,1],[0.331378,0.0373707,0.209266,0,-0.156916,-0.21846,0.287494,0,0.143408,-0.325391,-0.168983,0,-9.172744,74.36715,-152.5359,1],[0.387364,-0.00094913,0.0703457,0,-0.00183059,-0.393668,0.00476879,0,0.0703283,-0.00501913,-0.387336,0,-79.59223,151.8822,-21.13904,1],[0.387334,-0.00493936,0.0703457,0,-0.00588572,-0.393628,0.00476882,0,0.0702728,-0.00574334,-0.387336,0,-81.40615,152.7289,-21.13905,1],[0.386885,-0.0192906,0.0703457,0,-0.0204696,-0.393139,0.00476882,0,0.0700117,-0.00834372,-0.387336,0,-79.07062,155.7663,-21.13904,1],[0.390651,0.0480735,-0.00900633,0,0.048179,-0.390719,0.0042106,0,-0.00842398,-0.00528013,-0.393575,0,-100.3903,140.0015,-6.785089,1],[0.393351,0.00548512,-0.0156612,0,0.005653,-0.393639,0.00411558,0,-0.0156014,-0.0043368,-0.393368,0,-88.66396,150.4773,-5.286291,1],[0.391311,-0.0371452,-0.0222826,0,-0.0369346,-0.391936,0.00474092,0,-0.02263,-0.00262172,-0.393041,0,-75.84857,159.6216,-4.004048,1],[0.378491,0.0373982,-0.101718,0,0.0400648,-0.391624,0.00509394,0,-0.100697,-0.0152484,-0.3803,0,-97.01688,142.1115,10.75443,1],[0.380116,-0.0128756,-0.101718,0,-0.0119654,-0.393486,0.00509397,0,-0.101829,-0.00182679,-0.3803,0,-80.76829,154.1177,10.75441,1],[0.375093,-0.0629242,-0.101718,0,-0.0637863,-0.388466,0.00509399,0,-0.101179,0.0116268,-0.3803,0,-63.07742,163.8748,10.7544,1],[0.369962,-0.000949133,-0.134639,0,0.000824644,-0.393668,0.0050411,0,-0.13464,-0.00501915,-0.369929,0,-80.94297,151.1608,15.49572,1],[0.36972,0.0134093,-0.134639,0,0.0161018,-0.393339,0.00504112,0,-0.134344,-0.0102406,-0.369929,0,-89.5653,147.7962,15.49571,1],[0.368921,0.0277476,-0.134639,0,0.0313546,-0.392418,0.00504105,0,-0.133845,-0.0154465,-0.369929,0,-98.05055,144.0995,15.49574,1],[0,0.0382888,-0.391835,0,-0.393701,0,0,0,0,0.391835,0.0382888,0,12.63407,7.675615,16.61185,1],[0.393692,-0.00239805,0.000949135,0,-0.000918468,0.00502486,0.393668,0,-0.00240996,-0.393661,0.00501916,0,-47.25709,-8.192568,-151.1792,1],[0.393692,-0.000951044,-0.00239729,0,-0.000918468,-0.393663,0.00533832,0,-0.00240996,-0.00533262,-0.393657,0,-73.60975,151.1726,-8.312945,1],[0.0302391,0.00230784,-0.392531,0,-0.391504,-0.0283738,-0.0303268,0,-0.0284672,0.39267,0.000115644,0,98.67612,9.998239,16.71564,1],[0.0382889,0,-0.391835,0,0,0.393701,0,0,0.391835,0,0.0382889,0,-5.675502,-2.259897,16.61185,1],[0.393649,-0.00630691,0.000949135,0,-0.000868531,0.00503373,0.393668,0,-0.00631851,-0.393618,0.00501915,0,-20.27303,-7.722947,-151.1792,1],[0,0,0.393701,0,0.303766,-0.250453,0,0,0.250453,0.303766,0,0,-116.9904,105.1386,-0.00695837,1],[0,0,0.393701,0,0.393701,0,0,0,0,0.393701,0,0,-100.1337,2.842015,-0.00729451,1],[-0.0302366,-0.0023411,-0.392531,0,-0.391471,-0.0288221,0.0303269,0,-0.0289168,0.392637,-0.000114275,0,54.6121,10.06088,-16.70112,1],[-0.37239,0,0.127772,0,-0.12718,-0.0378582,-0.370665,0,0.012287,-0.391876,0.0358089,0,47.99272,8.450371,149.5809,1],[-0.325947,-0.0704743,0.209266,0,-0.134175,-0.233119,-0.287494,0,0.175374,-0.309337,0.168982,0,-10.95094,73.21375,152.5282,1],[-0.329079,-0.0539913,0.209266,0,-0.14573,-0.226076,-0.287494,0,0.159594,-0.317766,0.168983,0,-10.07024,73.81367,152.5282,1],[-0.331378,-0.0373716,0.209266,0,-0.156916,-0.21846,-0.287494,0,0.143409,-0.32539,0.168983,0,-9.160458,74.36852,152.5282,1],[-0.387364,0.000949122,0.0703467,0,-0.00183061,-0.393668,-0.00476884,0,0.0703293,-0.00501918,0.387336,0,-79.57786,151.8822,21.13645,1],[-0.387334,0.00493934,0.0703468,0,-0.00588571,-0.393628,-0.00476884,0,0.0702739,-0.00574338,0.387336,0,-81.39181,152.7287,21.13645,1],[-0.386884,0.0192906,0.0703467,0,-0.0204696,-0.393139,-0.00476879,0,0.0700128,-0.00834375,0.387336,0,-79.0563,155.7656,21.13643,1],[-0.390651,-0.0480735,-0.00900525,0,0.048179,-0.390719,-0.00421058,0,-0.00842291,-0.00527997,0.393575,0,-100.3758,140.0033,6.785413,1],[-0.393351,-0.00548513,-0.0156602,0,0.005653,-0.393639,-0.00411563,0,-0.0156003,-0.00433683,0.393368,0,-88.64937,150.4775,5.286888,1],[-0.391311,0.0371452,-0.0222815,0,-0.0369346,-0.391936,-0.00474092,0,-0.0226289,-0.00262182,0.393041,0,-75.83407,159.6203,4.004873,1],[-0.378491,-0.0373982,-0.101717,0,0.0400648,-0.391624,-0.00509394,0,-0.100696,-0.0152483,0.3803,0,-97.00285,142.1129,-10.75065,1],[-0.380116,0.0128756,-0.101716,0,-0.0119654,-0.393486,-0.00509399,0,-0.101828,-0.00182685,0.3803,0,-80.7542,154.1172,-10.75063,1],[-0.375093,0.0629243,-0.101717,0,-0.0637863,-0.388466,-0.00509399,0,-0.101178,0.0116266,0.3803,0,-63.06353,163.8724,-10.75063,1],[-0.369962,0.000949114,-0.134638,0,0.000824633,-0.393668,-0.00504105,0,-0.134639,-0.0050191,0.369929,0,-80.92927,151.1608,-15.49075,1],[-0.36972,-0.0134093,-0.134638,0,0.0161018,-0.393339,-0.0050411,0,-0.134343,-0.0102405,0.369929,0,-89.55161,147.7967,-15.49073,1],[-0.368921,-0.0277476,-0.134638,0,0.0313546,-0.392418,-0.00504105,0,-0.133844,-0.0154464,0.369929,0,-98.03688,144.1006,-15.49075,1],[0,-0.0382878,-0.391835,0,-0.393701,0,0,0,0,0.391835,-0.0382878,0,12.63407,7.677029,-16.59735,1],[-0.393692,0.00239697,0.000949122,0,-0.000918468,0.00502486,-0.393668,0,-0.00240888,-0.393661,-0.00501916,0,-47.24252,-8.192656,151.1792,1],[-0.393692,0.00095103,-0.00239621,0,-0.000918468,-0.393663,-0.00533837,0,-0.00240888,-0.00533267,0.393657,0,-73.59516,151.1725,8.313051,1],[-0.0302392,-0.00230682,-0.392531,0,-0.391504,-0.0283738,0.0303269,0,-0.0284672,0.39267,-0.000114629,0,98.67724,9.998323,-16.70111,1],[-0.0382878,0,-0.391835,0,0,0.393701,0,0,0.391835,0,-0.0382878,0,-5.674084,-2.259898,-16.59735,1],[-0.393649,0.00630583,0.000949121,0,-0.000868531,0.00503373,-0.393668,0,-0.00631743,-0.393618,-0.00501916,0,-20.25845,-7.723181,151.1791,1],[0,0,0.393701,0,0.393701,0,0,0,0,0.393701,0,0,-110.5079,2.850314,-0.00728266,1],[0,0,0.393701,0,0.393013,0.0232571,0,0,-0.0232571,0.393013,0,0,-120.893,-4.298618,-0.00729533,1],[0,0,0.393701,0,0.388346,0.0647148,0,0,-0.0647148,0.388346,0,0,-130.2557,-18.17584,-0.00733698,1],[0,0,0.393701,0,0.391906,0.0375461,0,0,-0.0375461,0.391906,0,0,-141.7344,-8.325296,-0.00730554,1],[-0.02573311,0.3920177,-0.02569591,0,-0.000265102,0.02573364,0.3928588,0,0.3928588,0.02569538,-0.001418037,0,0.06459156,-6.269955,-95.71932,1]],"joints":{"id":"_Bip001","name":"Bip001","transform":[-0.1933174,-0.01079898,2.532609,0,2.525223,0.1933207,0.1935779,0,-0.1935813,2.532609,-0.00397733,0,0,241.9758,0,1],"children":[{"id":"_Bip001_Bip001FBXASC032Footsteps","name":"Bip001FBXASC032Footsteps","transform":[-0.0761091,0.9941828,-0.07621326,0,-0.9970906,-0.07621166,0.001565878,0,-0.004251569,0.07611068,0.9970904,0,0.3898699,-6.981102,-91.46147,1]},{"id":"_Bip001_Bip001FBXASC032Pelvis","name":"Bip001FBXASC032Pelvis","transform":[0,0.01460227,0.9998935,0,1,0,0,0,0,0.9998935,-0.01460227,0,0,0,0,1],"children":[{"id":"_Bip001_Bip001FBXASC032Pelvis_Bip001FBXASC032Spine","name":"Bip001FBXASC032Spine","transform":[0.9980215,0.05610942,0.02836676,0,-0.05674676,0.9981422,0.02218493,0,-0.02706927,-0.02375076,0.9993515,0,10.37354,-0.008284746,-0.1516704,1],"children":[{"id":"_Bip001_Bip001FBXASC032Pelvis_Bip001FBXASC032Spine_Bip001FBXASC032Spine1","name":"Bip001FBXASC032Spine1","transform":[0.998643,-0.04560769,0.0251472,0,0.04582835,0.9989151,-0.008269158,0,-0.02474278,0.00941039,0.9996495,0,10.42803,-0.008394551,0,1],"children":[{"id":"_Bip001_Bip001FBXASC032Pelvis_Bip001FBXASC032Spine_Bip001FBXASC032Spine1_Bip001FBXASC032Spine2","name":"Bip001FBXASC032Spine2","transform":[0.995677,-0.08529661,0.03676512,0,0.08642159,0.9958014,-0.03017818,0,-0.03403667,0.03322502,0.9988681,0,10.55483,-0.008369717,0.000253482,1],"children":[{"id":"_Bip001_Bip001FBXASC032Pelvis_Bip001FBXASC032Spine_Bip001FBXASC032Spine1_Bip001FBXASC032Spine2_Bip001FBXASC032Spine3","name":"Bip001FBXASC032Spine3","transform":[0.9954501,0.08878085,0.03460209,0,-0.08638567,0.9941086,-0.06546385,0,-0.04021017,0.06217687,0.9972548,0,10.55661,-0.01213668,0.000799194,1],"children":[{"id":"_Bip001_Bip001FBXASC032Pelvis_Bip001FBXASC032Spine_Bip001FBXASC032Spine1_Bip001FBXASC032Spine2_Bip001FBXASC032Spine3_Bip001FBXASC032Neck","name":"Bip001FBXASC032Neck","transform":[0.6739146,0.7348608,-0.07628167,0,-0.7370052,0.6758873,0,0,0.05160166,0.05617976,0.9970864,0,15.33796,-0.005330568,0,1],"children":[{"id":"_Bip001_Bip001FBXASC032Pelvis_Bip001FBXASC032Spine_Bip001FBXASC032Spine1_Bip001FBXASC032Spine2_Bip001FBXASC032Spine3_Bip001FBXASC032Neck_Bip001FBXASC032LFBXASC032Clavicle","name":"Bip001FBXASC032LFBXASC032Clavicle","transform":[-0.3555343,0.3138759,0.8803848,0,-0.7353967,-0.6753002,-0.05622356,0,0.5768768,-0.6674216,0.4709157,0,-0.2408564,0.00807035,3.148157,1],"children":[{"id":"_Bip001_Bip001FBXASC032Pelvis_Bip001FBXASC032Spine_Bip001FBXASC032Spine1_Bip001FBXASC032Spine2_Bip001FBXASC032Spine3_Bip001FBXASC032Neck_Bip001FBXASC032LFBXASC032Clavicle_Bip001FBXASC032LFBXASC032UpperArm","name":"Bip001FBXASC032LFBXASC032UpperArm","transform":[0.7469027,-0.05047179,-0.6630149,0,0.23741,0.9516352,0.1950054,0,0.6211061,-0.3030564,0.7227615,0,18.33913,0,0,1],"children":[{"id":"_Bip001_Bip001FBXASC032Pelvis_Bip001FBXASC032Spine_Bip001FBXASC032Spine1_Bip001FBXASC032Spine2_Bip001FBXASC032Spine3_Bip001FBXASC032Neck_Bip001FBXASC032LFBXASC032Clavicle_Bip001FBXASC032LFBXASC032UpperArm_Bip001FBXASC032LFBXASC032Forearm","name":"Bip001FBXASC032LFBXASC032Forearm","transform":[0.8180817,-0.5751023,0,0,0.5751023,0.8180817,0,0,0,0,1,0,27.06307,0,0,1],"children":[{"id":"_Bip001_Bip001FBXASC032Pelvis_Bip001FBXASC032Spine_Bip001FBXASC032Spine1_Bip001FBXASC032Spine2_Bip001FBXASC032Spine3_Bip001FBXASC032Neck_Bip001FBXASC032LFBXASC032Clavicle_Bip001FBXASC032LFBXASC032UpperArm_Bip001FBXASC032LFBXASC032Forearm_Bip001FBXASC032LFBXASC032Hand","name":"Bip001FBXASC032LFBXASC032Hand","transform":[0.9999845,0.000950788,0.005495036,0,0.004971564,0.294415,-0.9556649,0,-0.002526455,0.9556772,0.2944056,0,26.35265,0,0,1],"children":[{"id":"_Bip001_Bip001FBXASC032Pelvis_Bip001FBXASC032Spine_Bip001FBXASC032Spine1_Bip001FBXASC032Spine2_Bip001FBXASC032Spine3_Bip001FBXASC032Neck_Bip001FBXASC032LFBXASC032Clavicle_Bip001FBXASC032LFBXASC032UpperArm_Bip001FBXASC032LFBXASC032Forearm_Bip001FBXASC032LFBXASC032Hand_Bip001FBXASC032LFBXASC032Finger0","name":"Bip001FBXASC032LFBXASC032Finger0","transform":[0.8259566,0.3327387,-0.4550609,0,0.1851896,0.6022766,0.77651,0,0.5324475,-0.7256362,0.4358346,0,3.104679,0.04147166,-3.67055,1],"children":[{"id":"_Bip001_Bip001FBXASC032Pelvis_Bip001FBXASC032Spine_Bip001FBXASC032Spine1_Bip001FBXASC032Spine2_Bip001FBXASC032Spine3_Bip001FBXASC032Neck_Bip001FBXASC032LFBXASC032Clavicle_Bip001FBXASC032LFBXASC032UpperArm_Bip001FBXASC032LFBXASC032Forearm_Bip001FBXASC032LFBXASC032Hand_Bip001FBXASC032LFBXASC032Finger0_Bip001FBXASC032LFBXASC032Finger01","name":"Bip001FBXASC032LFBXASC032Finger01","transform":[0.8866977,0.4623499,0,0,-0.4623499,0.8866977,0,0,0,0,1,0,2.819072,0,0,1],"children":[{"id":"_Bip001_Bip001FBXASC032Pelvis_Bip001FBXASC032Spine_Bip001FBXASC032Spine1_Bip001FBXASC032Spine2_Bip001FBXASC032Spine3_Bip001FBXASC032Neck_Bip001FBXASC032LFBXASC032Clavicle_Bip001FBXASC032LFBXASC032UpperArm_Bip001FBXASC032LFBXASC032Forearm_Bip001FBXASC032LFBXASC032Hand_Bip001FBXASC032LFBXASC032Finger0_Bip001FBXASC032LFBXASC032Finger01_Bip001FBXASC032LFBXASC032Finger02","name":"Bip001FBXASC032LFBXASC032Finger02","transform":[1,0,0,0,0,1,0,0,0,0,1,0,2.819066,0,0,1],"children":[{"id":"_Bip001_Bip001FBXASC032Pelvis_Bip001FBXASC032Spine_Bip001FBXASC032Spine1_Bip001FBXASC032Spine2_Bip001FBXASC032Spine3_Bip001FBXASC032Neck_Bip001FBXASC032LFBXASC032Clavicle_Bip001FBXASC032LFBXASC032UpperArm_Bip001FBXASC032LFBXASC032Forearm_Bip001FBXASC032LFBXASC032Hand_Bip001FBXASC032LFBXASC032Finger0_Bip001FBXASC032LFBXASC032Finger01_Bip001FBXASC032LFBXASC032Finger02_Bip001FBXASC032LFBXASC032Finger0Nub","name":"Bip001FBXASC032LFBXASC032Finger0Nub","transform":[1,0,0,0,0,1,0,0,0,0,1,0,2.819061,0,0,1]}]}]}]},{"id":"_Bip001_Bip001FBXASC032Pelvis_Bip001FBXASC032Spine_Bip001FBXASC032Spine1_Bip001FBXASC032Spine2_Bip001FBXASC032Spine3_Bip001FBXASC032Neck_Bip001FBXASC032LFBXASC032Clavicle_Bip001FBXASC032LFBXASC032UpperArm_Bip001FBXASC032LFBXASC032Forearm_Bip001FBXASC032LFBXASC032Hand_Bip001FBXASC032LFBXASC032Finger1","name":"Bip001FBXASC032LFBXASC032Finger1","transform":[0.9828009,-0.000147031,-0.1846682,0,0,0.9999997,-0.000796331,0,0.1846683,0.000782639,0.9828006,0,8.517278,-0.704735,-2.114692,1],"children":[{"id":"_Bip001_Bip001FBXASC032Pelvis_Bip001FBXASC032Spine_Bip001FBXASC032Spine1_Bip001FBXASC032Spine2_Bip001FBXASC032Spine3_Bip001FBXASC032Neck_Bip001FBXASC032LFBXASC032Clavicle_Bip001FBXASC032LFBXASC032UpperArm_Bip001FBXASC032LFBXASC032Forearm_Bip001FBXASC032LFBXASC032Hand_Bip001FBXASC032LFBXASC032Finger1_Bip001FBXASC032LFBXASC032Finger11","name":"Bip001FBXASC032LFBXASC032Finger11","transform":[0.8614327,0.507872,0,0,-0.507872,0.8614327,0,0,0,0,1,0,3.38288,0,0,1],"children":[{"id":"_Bip001_Bip001FBXASC032Pelvis_Bip001FBXASC032Spine_Bip001FBXASC032Spine1_Bip001FBXASC032Spine2_Bip001FBXASC032Spine3_Bip001FBXASC032Neck_Bip001FBXASC032LFBXASC032Clavicle_Bip001FBXASC032LFBXASC032UpperArm_Bip001FBXASC032LFBXASC032Forearm_Bip001FBXASC032LFBXASC032Hand_Bip001FBXASC032LFBXASC032Finger1_Bip001FBXASC032LFBXASC032Finger11_Bip001FBXASC032LFBXASC032Finger12","name":"Bip001FBXASC032LFBXASC032Finger12","transform":[1,0,0,0,0,1,0,0,0,0,1,0,3.382896,0,0,1],"children":[{"id":"_Bip001_Bip001FBXASC032Pelvis_Bip001FBXASC032Spine_Bip001FBXASC032Spine1_Bip001FBXASC032Spine2_Bip001FBXASC032Spine3_Bip001FBXASC032Neck_Bip001FBXASC032LFBXASC032Clavicle_Bip001FBXASC032LFBXASC032UpperArm_Bip001FBXASC032LFBXASC032Forearm_Bip001FBXASC032LFBXASC032Hand_Bip001FBXASC032LFBXASC032Finger1_Bip001FBXASC032LFBXASC032Finger11_Bip001FBXASC032LFBXASC032Finger12_Bip001FBXASC032LFBXASC032Finger1Nub","name":"Bip001FBXASC032LFBXASC032Finger1Nub","transform":[1,0,0,0,0,1,0,0,0,0,1,0,3.382889,0,0,1]}]}]}]},{"id":"_Bip001_Bip001FBXASC032Pelvis_Bip001FBXASC032Spine_Bip001FBXASC032Spine1_Bip001FBXASC032Spine2_Bip001FBXASC032Spine3_Bip001FBXASC032Neck_Bip001FBXASC032LFBXASC032Clavicle_Bip001FBXASC032LFBXASC032UpperArm_Bip001FBXASC032LFBXASC032Forearm_Bip001FBXASC032LFBXASC032Hand_Bip001FBXASC032LFBXASC032Finger2","name":"Bip001FBXASC032LFBXASC032Finger2","transform":[0.9920775,-0.1244701,0.01701192,0,0.1245014,0.9922191,-0.000790141,0,-0.0167812,0.002901889,0.9998549,0,8.440965,-0.2154787,0.2896077,1],"children":[{"id":"_Bip001_Bip001FBXASC032Pelvis_Bip001FBXASC032Spine_Bip001FBXASC032Spine1_Bip001FBXASC032Spine2_Bip001FBXASC032Spine3_Bip001FBXASC032Neck_Bip001FBXASC032LFBXASC032Clavicle_Bip001FBXASC032LFBXASC032UpperArm_Bip001FBXASC032LFBXASC032Forearm_Bip001FBXASC032LFBXASC032Hand_Bip001FBXASC032LFBXASC032Finger2_Bip001FBXASC032LFBXASC032Finger21","name":"Bip001FBXASC032LFBXASC032Finger21","transform":[0.8232845,0.5676289,0,0,-0.5676289,0.8232845,0,0,0,0,1,0,3.946701,0,0,1],"children":[{"id":"_Bip001_Bip001FBXASC032Pelvis_Bip001FBXASC032Spine_Bip001FBXASC032Spine1_Bip001FBXASC032Spine2_Bip001FBXASC032Spine3_Bip001FBXASC032Neck_Bip001FBXASC032LFBXASC032Clavicle_Bip001FBXASC032LFBXASC032UpperArm_Bip001FBXASC032LFBXASC032Forearm_Bip001FBXASC032LFBXASC032Hand_Bip001FBXASC032LFBXASC032Finger2_Bip001FBXASC032LFBXASC032Finger21_Bip001FBXASC032LFBXASC032Finger22","name":"Bip001FBXASC032LFBXASC032Finger22","transform":[0.9999999,0,0,0,0,1,0,0,0,0,1,0,3.946692,0,0,1],"children":[{"id":"_Bip001_Bip001FBXASC032Pelvis_Bip001FBXASC032Spine_Bip001FBXASC032Spine1_Bip001FBXASC032Spine2_Bip001FBXASC032Spine3_Bip001FBXASC032Neck_Bip001FBXASC032LFBXASC032Clavicle_Bip001FBXASC032LFBXASC032UpperArm_Bip001FBXASC032LFBXASC032Forearm_Bip001FBXASC032LFBXASC032Hand_Bip001FBXASC032LFBXASC032Finger2_Bip001FBXASC032LFBXASC032Finger21_Bip001FBXASC032LFBXASC032Finger22_Bip001FBXASC032LFBXASC032Finger2Nub","name":"Bip001FBXASC032LFBXASC032Finger2Nub","transform":[1,0,0,0,0,0.9999999,0,0,0,0,1,0,3.946693,0,0,1]}]}]}]},{"id":"_Bip001_Bip001FBXASC032Pelvis_Bip001FBXASC032Spine_Bip001FBXASC032Spine1_Bip001FBXASC032Spine2_Bip001FBXASC032Spine3_Bip001FBXASC032Neck_Bip001FBXASC032LFBXASC032Clavicle_Bip001FBXASC032LFBXASC032UpperArm_Bip001FBXASC032LFBXASC032Forearm_Bip001FBXASC032LFBXASC032Hand_Bip001FBXASC032LFBXASC032Finger3","name":"Bip001FBXASC032LFBXASC032Finger3","transform":[0.9626741,-0.1006128,0.2512682,0,0.09754693,0.9949254,0.0246604,0,-0.2524743,0.000770516,0.9676033,0,8.638569,0.01282603,2.153775,1],"children":[{"id":"_Bip001_Bip001FBXASC032Pelvis_Bip001FBXASC032Spine_Bip001FBXASC032Spine1_Bip001FBXASC032Spine2_Bip001FBXASC032Spine3_Bip001FBXASC032Neck_Bip001FBXASC032LFBXASC032Clavicle_Bip001FBXASC032LFBXASC032UpperArm_Bip001FBXASC032LFBXASC032Forearm_Bip001FBXASC032LFBXASC032Hand_Bip001FBXASC032LFBXASC032Finger3_Bip001FBXASC032LFBXASC032Finger31","name":"Bip001FBXASC032LFBXASC032Finger31","transform":[0.7990229,0.6013005,0,0,-0.6013006,0.799023,0,0,0,0,1,0,3.382884,0,0,1],"children":[{"id":"_Bip001_Bip001FBXASC032Pelvis_Bip001FBXASC032Spine_Bip001FBXASC032Spine1_Bip001FBXASC032Spine2_Bip001FBXASC032Spine3_Bip001FBXASC032Neck_Bip001FBXASC032LFBXASC032Clavicle_Bip001FBXASC032LFBXASC032UpperArm_Bip001FBXASC032LFBXASC032Forearm_Bip001FBXASC032LFBXASC032Hand_Bip001FBXASC032LFBXASC032Finger3_Bip001FBXASC032LFBXASC032Finger31_Bip001FBXASC032LFBXASC032Finger32","name":"Bip001FBXASC032LFBXASC032Finger32","transform":[1,0,0,0,0,1,0,0,0,0,1,0,3.382881,0,0,1],"children":[{"id":"_Bip001_Bip001FBXASC032Pelvis_Bip001FBXASC032Spine_Bip001FBXASC032Spine1_Bip001FBXASC032Spine2_Bip001FBXASC032Spine3_Bip001FBXASC032Neck_Bip001FBXASC032LFBXASC032Clavicle_Bip001FBXASC032LFBXASC032UpperArm_Bip001FBXASC032LFBXASC032Forearm_Bip001FBXASC032LFBXASC032Hand_Bip001FBXASC032LFBXASC032Finger3_Bip001FBXASC032LFBXASC032Finger31_Bip001FBXASC032LFBXASC032Finger32_Bip001FBXASC032LFBXASC032Finger3Nub","name":"Bip001FBXASC032LFBXASC032Finger3Nub","transform":[0.9999999,0,0,0,0,1,0,0,0,0,0.9999999,0,3.382889,0,0,1]}]}]}]},{"id":"_Bip001_Bip001FBXASC032Pelvis_Bip001FBXASC032Spine_Bip001FBXASC032Spine1_Bip001FBXASC032Spine2_Bip001FBXASC032Spine3_Bip001FBXASC032Neck_Bip001FBXASC032LFBXASC032Clavicle_Bip001FBXASC032LFBXASC032UpperArm_Bip001FBXASC032LFBXASC032Forearm_Bip001FBXASC032LFBXASC032Hand_Bip001FBXASC032LFBXASC032Finger4","name":"Bip001FBXASC032LFBXASC032Finger4","transform":[0.9417712,0.000267783,0.3362545,0,0,0.9999997,-0.000796331,0,-0.3362546,0.000749957,0.941771,0,7.830526,0.02189636,4.431442,1],"children":[{"id":"_Bip001_Bip001FBXASC032Pelvis_Bip001FBXASC032Spine_Bip001FBXASC032Spine1_Bip001FBXASC032Spine2_Bip001FBXASC032Spine3_Bip001FBXASC032Neck_Bip001FBXASC032LFBXASC032Clavicle_Bip001FBXASC032LFBXASC032UpperArm_Bip001FBXASC032LFBXASC032Forearm_Bip001FBXASC032LFBXASC032Hand_Bip001FBXASC032LFBXASC032Finger4_Bip001FBXASC032LFBXASC032Finger41","name":"Bip001FBXASC032LFBXASC032Finger41","transform":[0.8246758,0.5656057,0,0,-0.5656058,0.8246758,0,0,0,0,0.9999999,0,2.819072,0,0,1],"children":[{"id":"_Bip001_Bip001FBXASC032Pelvis_Bip001FBXASC032Spine_Bip001FBXASC032Spine1_Bip001FBXASC032Spine2_Bip001FBXASC032Spine3_Bip001FBXASC032Neck_Bip001FBXASC032LFBXASC032Clavicle_Bip001FBXASC032LFBXASC032UpperArm_Bip001FBXASC032LFBXASC032Forearm_Bip001FBXASC032LFBXASC032Hand_Bip001FBXASC032LFBXASC032Finger4_Bip001FBXASC032LFBXASC032Finger41_Bip001FBXASC032LFBXASC032Finger42","name":"Bip001FBXASC032LFBXASC032Finger42","transform":[1,0,0,0,0,0.9999999,0,0,0,0,0.9999999,0,2.819075,0,0,1],"children":[{"id":"_Bip001_Bip001FBXASC032Pelvis_Bip001FBXASC032Spine_Bip001FBXASC032Spine1_Bip001FBXASC032Spine2_Bip001FBXASC032Spine3_Bip001FBXASC032Neck_Bip001FBXASC032LFBXASC032Clavicle_Bip001FBXASC032LFBXASC032UpperArm_Bip001FBXASC032LFBXASC032Forearm_Bip001FBXASC032LFBXASC032Hand_Bip001FBXASC032LFBXASC032Finger4_Bip001FBXASC032LFBXASC032Finger41_Bip001FBXASC032LFBXASC032Finger42_Bip001FBXASC032LFBXASC032Finger4Nub","name":"Bip001FBXASC032LFBXASC032Finger4Nub","transform":[1,0,0,0,0,1,0,0,0,0,1,0,2.819069,0,0,1]}]}]}]}]}]}]}]},{"id":"_Bip001_Bip001FBXASC032Pelvis_Bip001FBXASC032Spine_Bip001FBXASC032Spine1_Bip001FBXASC032Spine2_Bip001FBXASC032Spine3_Bip001FBXASC032Neck_Bip001FBXASC032RFBXASC032Clavicle","name":"Bip001FBXASC032RFBXASC032Clavicle","transform":[-0.2167915,0.3130669,-0.924657,0,-0.7353966,-0.6753004,-0.05622242,0,-0.6420227,0.6678011,0.3766278,0,0.2408512,0.007702768,-3.148156,1],"children":[{"id":"_Bip001_Bip001FBXASC032Pelvis_Bip001FBXASC032Spine_Bip001FBXASC032Spine1_Bip001FBXASC032Spine2_Bip001FBXASC032Spine3_Bip001FBXASC032Neck_Bip001FBXASC032RFBXASC032Clavicle_Bip001FBXASC032RFBXASC032UpperArm","name":"Bip001FBXASC032RFBXASC032UpperArm","transform":[0.4606484,0.4245078,0.7794846,0,-0.08959118,0.8959638,-0.4349972,0,-0.8830496,0.1305458,0.4507564,0,18.33914,0,0,1],"children":[{"id":"_Bip001_Bip001FBXASC032Pelvis_Bip001FBXASC032Spine_Bip001FBXASC032Spine1_Bip001FBXASC032Spine2_Bip001FBXASC032Spine3_Bip001FBXASC032Neck_Bip001FBXASC032RFBXASC032Clavicle_Bip001FBXASC032RFBXASC032UpperArm_Bip001FBXASC032RFBXASC032Forearm","name":"Bip001FBXASC032RFBXASC032Forearm","transform":[0.9174503,-0.3978502,0,0,0.3978502,0.9174503,0,0,0,0,1,0,27.06308,0,0,1],"children":[{"id":"_Bip001_Bip001FBXASC032Pelvis_Bip001FBXASC032Spine_Bip001FBXASC032Spine1_Bip001FBXASC032Spine2_Bip001FBXASC032Spine3_Bip001FBXASC032Neck_Bip001FBXASC032RFBXASC032Clavicle_Bip001FBXASC032RFBXASC032UpperArm_Bip001FBXASC032RFBXASC032Forearm_Bip001FBXASC032RFBXASC032Hand","name":"Bip001FBXASC032RFBXASC032Hand","transform":[0.9845443,0.1619833,0.06658792,0,-0.1404153,0.5028457,0.8528949,0,0.1046713,-0.8490627,0.5178188,0,26.35266,0,0,1],"children":[{"id":"_Bip001_Bip001FBXASC032Pelvis_Bip001FBXASC032Spine_Bip001FBXASC032Spine1_Bip001FBXASC032Spine2_Bip001FBXASC032Spine3_Bip001FBXASC032Neck_Bip001FBXASC032RFBXASC032Clavicle_Bip001FBXASC032RFBXASC032UpperArm_Bip001FBXASC032RFBXASC032Forearm_Bip001FBXASC032RFBXASC032Hand_Bip001FBXASC032RFBXASC032Finger0","name":"Bip001FBXASC032RFBXASC032Finger0","transform":[0.8259566,0.3327388,0.4550609,0,0.1851896,0.6022765,-0.77651,0,-0.5324475,0.7256362,0.4358345,0,3.104675,0.04147499,3.670552,1],"children":[{"id":"_Bip001_Bip001FBXASC032Pelvis_Bip001FBXASC032Spine_Bip001FBXASC032Spine1_Bip001FBXASC032Spine2_Bip001FBXASC032Spine3_Bip001FBXASC032Neck_Bip001FBXASC032RFBXASC032Clavicle_Bip001FBXASC032RFBXASC032UpperArm_Bip001FBXASC032RFBXASC032Forearm_Bip001FBXASC032RFBXASC032Hand_Bip001FBXASC032RFBXASC032Finger0_Bip001FBXASC032RFBXASC032Finger01","name":"Bip001FBXASC032RFBXASC032Finger01","transform":[0.8866976,0.4623498,0,0,-0.4623499,0.8866977,0,0,0,0,1,0,2.819071,0,0,1],"children":[{"id":"_Bip001_Bip001FBXASC032Pelvis_Bip001FBXASC032Spine_Bip001FBXASC032Spine1_Bip001FBXASC032Spine2_Bip001FBXASC032Spine3_Bip001FBXASC032Neck_Bip001FBXASC032RFBXASC032Clavicle_Bip001FBXASC032RFBXASC032UpperArm_Bip001FBXASC032RFBXASC032Forearm_Bip001FBXASC032RFBXASC032Hand_Bip001FBXASC032RFBXASC032Finger0_Bip001FBXASC032RFBXASC032Finger01_Bip001FBXASC032RFBXASC032Finger02","name":"Bip001FBXASC032RFBXASC032Finger02","transform":[1,0,0,0,0,1,0,0,0,0,1,0,2.819069,0,0,1],"children":[{"id":"_Bip001_Bip001FBXASC032Pelvis_Bip001FBXASC032Spine_Bip001FBXASC032Spine1_Bip001FBXASC032Spine2_Bip001FBXASC032Spine3_Bip001FBXASC032Neck_Bip001FBXASC032RFBXASC032Clavicle_Bip001FBXASC032RFBXASC032UpperArm_Bip001FBXASC032RFBXASC032Forearm_Bip001FBXASC032RFBXASC032Hand_Bip001FBXASC032RFBXASC032Finger0_Bip001FBXASC032RFBXASC032Finger01_Bip001FBXASC032RFBXASC032Finger02_Bip001FBXASC032RFBXASC032Finger0Nub","name":"Bip001FBXASC032RFBXASC032Finger0Nub","transform":[1,0,0,0,0,1,0,0,0,0,-1,0,2.819077,0,0,1]}]}]}]},{"id":"_Bip001_Bip001FBXASC032Pelvis_Bip001FBXASC032Spine_Bip001FBXASC032Spine1_Bip001FBXASC032Spine2_Bip001FBXASC032Spine3_Bip001FBXASC032Neck_Bip001FBXASC032RFBXASC032Clavicle_Bip001FBXASC032RFBXASC032UpperArm_Bip001FBXASC032RFBXASC032Forearm_Bip001FBXASC032RFBXASC032Hand_Bip001FBXASC032RFBXASC032Finger1","name":"Bip001FBXASC032RFBXASC032Finger1","transform":[0.9828009,-0.000147038,0.1846682,0,0,0.9999996,0.000796261,0,-0.1846683,-0.000782567,0.9828006,0,8.51728,-0.7047325,2.114694,1],"children":[{"id":"_Bip001_Bip001FBXASC032Pelvis_Bip001FBXASC032Spine_Bip001FBXASC032Spine1_Bip001FBXASC032Spine2_Bip001FBXASC032Spine3_Bip001FBXASC032Neck_Bip001FBXASC032RFBXASC032Clavicle_Bip001FBXASC032RFBXASC032UpperArm_Bip001FBXASC032RFBXASC032Forearm_Bip001FBXASC032RFBXASC032Hand_Bip001FBXASC032RFBXASC032Finger1_Bip001FBXASC032RFBXASC032Finger11","name":"Bip001FBXASC032RFBXASC032Finger11","transform":[0.8614325,0.5078719,0,0,-0.5078719,0.8614325,0,0,0,0,0.9999999,0,3.382883,0,0,1],"children":[{"id":"_Bip001_Bip001FBXASC032Pelvis_Bip001FBXASC032Spine_Bip001FBXASC032Spine1_Bip001FBXASC032Spine2_Bip001FBXASC032Spine3_Bip001FBXASC032Neck_Bip001FBXASC032RFBXASC032Clavicle_Bip001FBXASC032RFBXASC032UpperArm_Bip001FBXASC032RFBXASC032Forearm_Bip001FBXASC032RFBXASC032Hand_Bip001FBXASC032RFBXASC032Finger1_Bip001FBXASC032RFBXASC032Finger11_Bip001FBXASC032RFBXASC032Finger12","name":"Bip001FBXASC032RFBXASC032Finger12","transform":[1,0,0,0,0,0.9999999,0,0,0,0,0.9999999,0,3.38289,0,0,1],"children":[{"id":"_Bip001_Bip001FBXASC032Pelvis_Bip001FBXASC032Spine_Bip001FBXASC032Spine1_Bip001FBXASC032Spine2_Bip001FBXASC032Spine3_Bip001FBXASC032Neck_Bip001FBXASC032RFBXASC032Clavicle_Bip001FBXASC032RFBXASC032UpperArm_Bip001FBXASC032RFBXASC032Forearm_Bip001FBXASC032RFBXASC032Hand_Bip001FBXASC032RFBXASC032Finger1_Bip001FBXASC032RFBXASC032Finger11_Bip001FBXASC032RFBXASC032Finger12_Bip001FBXASC032RFBXASC032Finger1Nub","name":"Bip001FBXASC032RFBXASC032Finger1Nub","transform":[0.9999999,0,0,0,0,1,0,0,0,0,-0.9999999,0,3.382889,0,0,1]}]}]}]},{"id":"_Bip001_Bip001FBXASC032Pelvis_Bip001FBXASC032Spine_Bip001FBXASC032Spine1_Bip001FBXASC032Spine2_Bip001FBXASC032Spine3_Bip001FBXASC032Neck_Bip001FBXASC032RFBXASC032Clavicle_Bip001FBXASC032RFBXASC032UpperArm_Bip001FBXASC032RFBXASC032Forearm_Bip001FBXASC032RFBXASC032Hand_Bip001FBXASC032RFBXASC032Finger2","name":"Bip001FBXASC032RFBXASC032Finger2","transform":[0.9920776,-0.1244701,-0.01701191,0,0.1245014,0.992219,0.000790053,0,0.0167812,-0.002901801,0.999855,0,8.440972,-0.2154821,-0.2896043,1],"children":[{"id":"_Bip001_Bip001FBXASC032Pelvis_Bip001FBXASC032Spine_Bip001FBXASC032Spine1_Bip001FBXASC032Spine2_Bip001FBXASC032Spine3_Bip001FBXASC032Neck_Bip001FBXASC032RFBXASC032Clavicle_Bip001FBXASC032RFBXASC032UpperArm_Bip001FBXASC032RFBXASC032Forearm_Bip001FBXASC032RFBXASC032Hand_Bip001FBXASC032RFBXASC032Finger2_Bip001FBXASC032RFBXASC032Finger21","name":"Bip001FBXASC032RFBXASC032Finger21","transform":[0.8232845,0.5676288,0,0,-0.5676289,0.8232846,0,0,0,0,1,0,3.946693,0,0,1],"children":[{"id":"_Bip001_Bip001FBXASC032Pelvis_Bip001FBXASC032Spine_Bip001FBXASC032Spine1_Bip001FBXASC032Spine2_Bip001FBXASC032Spine3_Bip001FBXASC032Neck_Bip001FBXASC032RFBXASC032Clavicle_Bip001FBXASC032RFBXASC032UpperArm_Bip001FBXASC032RFBXASC032Forearm_Bip001FBXASC032RFBXASC032Hand_Bip001FBXASC032RFBXASC032Finger2_Bip001FBXASC032RFBXASC032Finger21_Bip001FBXASC032RFBXASC032Finger22","name":"Bip001FBXASC032RFBXASC032Finger22","transform":[1,0,0,0,0,1,0,0,0,0,0.9999999,0,3.946702,0,0,1],"children":[{"id":"_Bip001_Bip001FBXASC032Pelvis_Bip001FBXASC032Spine_Bip001FBXASC032Spine1_Bip001FBXASC032Spine2_Bip001FBXASC032Spine3_Bip001FBXASC032Neck_Bip001FBXASC032RFBXASC032Clavicle_Bip001FBXASC032RFBXASC032UpperArm_Bip001FBXASC032RFBXASC032Forearm_Bip001FBXASC032RFBXASC032Hand_Bip001FBXASC032RFBXASC032Finger2_Bip001FBXASC032RFBXASC032Finger21_Bip001FBXASC032RFBXASC032Finger22_Bip001FBXASC032RFBXASC032Finger2Nub","name":"Bip001FBXASC032RFBXASC032Finger2Nub","transform":[1,0,0,0,0,1,0,0,0,0,-1,0,3.946701,0,0,1]}]}]}]},{"id":"_Bip001_Bip001FBXASC032Pelvis_Bip001FBXASC032Spine_Bip001FBXASC032Spine1_Bip001FBXASC032Spine2_Bip001FBXASC032Spine3_Bip001FBXASC032Neck_Bip001FBXASC032RFBXASC032Clavicle_Bip001FBXASC032RFBXASC032UpperArm_Bip001FBXASC032RFBXASC032Forearm_Bip001FBXASC032RFBXASC032Hand_Bip001FBXASC032RFBXASC032Finger3","name":"Bip001FBXASC032RFBXASC032Finger3","transform":[0.962674,-0.1006129,-0.2512683,0,0.09754695,0.9949254,-0.02466045,0,0.2524743,-0.000770479,0.9676033,0,8.638557,0.01283108,-2.153771,1],"children":[{"id":"_Bip001_Bip001FBXASC032Pelvis_Bip001FBXASC032Spine_Bip001FBXASC032Spine1_Bip001FBXASC032Spine2_Bip001FBXASC032Spine3_Bip001FBXASC032Neck_Bip001FBXASC032RFBXASC032Clavicle_Bip001FBXASC032RFBXASC032UpperArm_Bip001FBXASC032RFBXASC032Forearm_Bip001FBXASC032RFBXASC032Hand_Bip001FBXASC032RFBXASC032Finger3_Bip001FBXASC032RFBXASC032Finger31","name":"Bip001FBXASC032RFBXASC032Finger31","transform":[0.799023,0.6013005,0,0,-0.6013006,0.799023,0,0,0,0,1,0,3.382882,0,0,1],"children":[{"id":"_Bip001_Bip001FBXASC032Pelvis_Bip001FBXASC032Spine_Bip001FBXASC032Spine1_Bip001FBXASC032Spine2_Bip001FBXASC032Spine3_Bip001FBXASC032Neck_Bip001FBXASC032RFBXASC032Clavicle_Bip001FBXASC032RFBXASC032UpperArm_Bip001FBXASC032RFBXASC032Forearm_Bip001FBXASC032RFBXASC032Hand_Bip001FBXASC032RFBXASC032Finger3_Bip001FBXASC032RFBXASC032Finger31_Bip001FBXASC032RFBXASC032Finger32","name":"Bip001FBXASC032RFBXASC032Finger32","transform":[1,0,0,0,0,1,0,0,0,0,1,0,3.382882,0,0,1],"children":[{"id":"_Bip001_Bip001FBXASC032Pelvis_Bip001FBXASC032Spine_Bip001FBXASC032Spine1_Bip001FBXASC032Spine2_Bip001FBXASC032Spine3_Bip001FBXASC032Neck_Bip001FBXASC032RFBXASC032Clavicle_Bip001FBXASC032RFBXASC032UpperArm_Bip001FBXASC032RFBXASC032Forearm_Bip001FBXASC032RFBXASC032Hand_Bip001FBXASC032RFBXASC032Finger3_Bip001FBXASC032RFBXASC032Finger31_Bip001FBXASC032RFBXASC032Finger32_Bip001FBXASC032RFBXASC032Finger3Nub","name":"Bip001FBXASC032RFBXASC032Finger3Nub","transform":[0.9999999,0,0,0,0,1,0,0,0,0,-1,0,3.382881,0,0,1]}]}]}]},{"id":"_Bip001_Bip001FBXASC032Pelvis_Bip001FBXASC032Spine_Bip001FBXASC032Spine1_Bip001FBXASC032Spine2_Bip001FBXASC032Spine3_Bip001FBXASC032Neck_Bip001FBXASC032RFBXASC032Clavicle_Bip001FBXASC032RFBXASC032UpperArm_Bip001FBXASC032RFBXASC032Forearm_Bip001FBXASC032RFBXASC032Hand_Bip001FBXASC032RFBXASC032Finger4","name":"Bip001FBXASC032RFBXASC032Finger4","transform":[0.9417711,0.00026775,-0.3362544,0,0,0.9999996,0.000796261,0,0.3362545,-0.000749894,0.9417708,0,7.83052,0.02189717,-4.431439,1],"children":[{"id":"_Bip001_Bip001FBXASC032Pelvis_Bip001FBXASC032Spine_Bip001FBXASC032Spine1_Bip001FBXASC032Spine2_Bip001FBXASC032Spine3_Bip001FBXASC032Neck_Bip001FBXASC032RFBXASC032Clavicle_Bip001FBXASC032RFBXASC032UpperArm_Bip001FBXASC032RFBXASC032Forearm_Bip001FBXASC032RFBXASC032Hand_Bip001FBXASC032RFBXASC032Finger4_Bip001FBXASC032RFBXASC032Finger41","name":"Bip001FBXASC032RFBXASC032Finger41","transform":[0.8246758,0.5656058,0,0,-0.5656058,0.8246758,0,0,0,0,1,0,2.819069,0,0,1],"children":[{"id":"_Bip001_Bip001FBXASC032Pelvis_Bip001FBXASC032Spine_Bip001FBXASC032Spine1_Bip001FBXASC032Spine2_Bip001FBXASC032Spine3_Bip001FBXASC032Neck_Bip001FBXASC032RFBXASC032Clavicle_Bip001FBXASC032RFBXASC032UpperArm_Bip001FBXASC032RFBXASC032Forearm_Bip001FBXASC032RFBXASC032Hand_Bip001FBXASC032RFBXASC032Finger4_Bip001FBXASC032RFBXASC032Finger41_Bip001FBXASC032RFBXASC032Finger42","name":"Bip001FBXASC032RFBXASC032Finger42","transform":[1,0,0,0,0,1,0,0,0,0,1,0,2.819073,0,0,1],"children":[{"id":"_Bip001_Bip001FBXASC032Pelvis_Bip001FBXASC032Spine_Bip001FBXASC032Spine1_Bip001FBXASC032Spine2_Bip001FBXASC032Spine3_Bip001FBXASC032Neck_Bip001FBXASC032RFBXASC032Clavicle_Bip001FBXASC032RFBXASC032UpperArm_Bip001FBXASC032RFBXASC032Forearm_Bip001FBXASC032RFBXASC032Hand_Bip001FBXASC032RFBXASC032Finger4_Bip001FBXASC032RFBXASC032Finger41_Bip001FBXASC032RFBXASC032Finger42_Bip001FBXASC032RFBXASC032Finger4Nub","name":"Bip001FBXASC032RFBXASC032Finger4Nub","transform":[1,0,0,0,0,1,0,0,0,0,-1,0,2.819073,0,0,1]}]}]}]}]}]}]}]},{"id":"_Bip001_Bip001FBXASC032Pelvis_Bip001FBXASC032Spine_Bip001FBXASC032Spine1_Bip001FBXASC032Spine2_Bip001FBXASC032Spine3_Bip001FBXASC032Neck_Bip001FBXASC032Head","name":"Bip001FBXASC032Head","transform":[0.7441697,-0.6679034,0.01079246,0,0.649613,0.7273655,0.2212294,0,-0.1556099,-0.1576213,0.9751621,0,9.898338,0,0,1],"children":[{"id":"_Bip001_Bip001FBXASC032Pelvis_Bip001FBXASC032Spine_Bip001FBXASC032Spine1_Bip001FBXASC032Spine2_Bip001FBXASC032Spine3_Bip001FBXASC032Neck_Bip001FBXASC032Head_Bip001FBXASC032HeadNub","name":"Bip001FBXASC032HeadNub","transform":[0.9999999,0,0,0,0,0.9999999,0,0,0,0,0.9999999,0,24.85805,0,0,1]}]}]}]}]}]},{"id":"_Bip001_Bip001FBXASC032Pelvis_Bip001FBXASC032Spine_Bip001FBXASC032LFBXASC032Thigh","name":"Bip001FBXASC032LFBXASC032Thigh","transform":[-0.993983,-0.08423827,-0.07001034,0,-0.08741796,0.9952143,0.04366255,0,0.06599724,0.04952,-0.9965903,0,-10.09236,0.8004478,9.447355,1],"children":[{"id":"_Bip001_Bip001FBXASC032Pelvis_Bip001FBXASC032Spine_Bip001FBXASC032LFBXASC032Thigh_Bip001FBXASC032LFBXASC032Calf","name":"Bip001FBXASC032LFBXASC032Calf","transform":[0.858664,-0.5125391,0,0,0.512539,0.8586639,0,0,0,0,1,0,44.05364,0,0,1],"children":[{"id":"_Bip001_Bip001FBXASC032Pelvis_Bip001FBXASC032Spine_Bip001FBXASC032LFBXASC032Thigh_Bip001FBXASC032LFBXASC032Calf_Bip001FBXASC032LFBXASC032Foot","name":"Bip001FBXASC032LFBXASC032Foot","transform":[0.994593,0.09328178,0.04564653,0,-0.0874518,0.9893541,-0.1163236,0,-0.05601144,0.1117027,0.9921619,0,43.94065,0,0,1],"children":[{"id":"_Bip001_Bip001FBXASC032Pelvis_Bip001FBXASC032Spine_Bip001FBXASC032LFBXASC032Thigh_Bip001FBXASC032LFBXASC032Calf_Bip001FBXASC032LFBXASC032Foot_Bip001FBXASC032LFBXASC032Toe0","name":"Bip001FBXASC032LFBXASC032Toe0","transform":[-0.4549957,0.8904937,0,0,-0.8904937,-0.4549957,0,0,0,0,1,0,10.37417,13.35112,0,1],"children":[{"id":"_Bip001_Bip001FBXASC032Pelvis_Bip001FBXASC032Spine_Bip001FBXASC032LFBXASC032Thigh_Bip001FBXASC032LFBXASC032Calf_Bip001FBXASC032LFBXASC032Foot_Bip001FBXASC032LFBXASC032Toe0_Bip001FBXASC032LFBXASC032Toe0Nub","name":"Bip001FBXASC032LFBXASC032Toe0Nub","transform":[1,0,0,0,0,1,0,0,0,0,-1,0,10.69598,0,0,1]}]}]}]}]},{"id":"_Bip001_Bip001FBXASC032Pelvis_Bip001FBXASC032Spine_Bip001FBXASC032RFBXASC032Thigh","name":"Bip001FBXASC032RFBXASC032Thigh","transform":[-0.8207239,0.570918,-0.0215593,0,0.571225,0.8192903,-0.04965167,0,-0.01068371,-0.05306553,-0.9985339,0,-10.60413,0.4001598,-8.582997,1],"children":[{"id":"_Bip001_Bip001FBXASC032Pelvis_Bip001FBXASC032Spine_Bip001FBXASC032RFBXASC032Thigh_Bip001FBXASC032RFBXASC032Calf","name":"Bip001FBXASC032RFBXASC032Calf","transform":[0.8936318,-0.448801,0,0,0.448801,0.8936318,0,0,0,0,1,0,44.05364,0,0,1],"children":[{"id":"_Bip001_Bip001FBXASC032Pelvis_Bip001FBXASC032Spine_Bip001FBXASC032RFBXASC032Thigh_Bip001FBXASC032RFBXASC032Calf_Bip001FBXASC032RFBXASC032Foot","name":"Bip001FBXASC032RFBXASC032Foot","transform":[0.9923339,0.123261,0.008966209,0,-0.1202103,0.9795224,-0.1615104,0,-0.02869053,0.1591944,0.9868303,0,43.94065,0,0,1],"children":[{"id":"_Bip001_Bip001FBXASC032Pelvis_Bip001FBXASC032Spine_Bip001FBXASC032RFBXASC032Thigh_Bip001FBXASC032RFBXASC032Calf_Bip001FBXASC032RFBXASC032Foot_Bip001FBXASC032RFBXASC032Toe0","name":"Bip001FBXASC032RFBXASC032Toe0","transform":[0,1,0,0,-1,0,0,0,0,0,1,0,10.37417,13.35112,0,1],"children":[{"id":"_Bip001_Bip001FBXASC032Pelvis_Bip001FBXASC032Spine_Bip001FBXASC032RFBXASC032Thigh_Bip001FBXASC032RFBXASC032Calf_Bip001FBXASC032RFBXASC032Foot_Bip001FBXASC032RFBXASC032Toe0_Bip001FBXASC032RFBXASC032Toe0Nub","name":"Bip001FBXASC032RFBXASC032Toe0Nub","transform":[1,0,0,0,0,1,0,0,0,0,1,0,10.69598,0,0,1]}]}]}]}]}]}]}]}}},"objects":[{"duration":1.333333,"fps":24,"frameCount":32,"isMatrix":false,"hasPosition":true,"hasRotation":true,"hasScale":true,"name":"Bip001"},{"duration":1.333333,"fps":24,"frameCount":32,"isMatrix":false,"hasPosition":true,"hasRotation":true,"hasScale":true,"name":"Bip001FBXASC032Footsteps"},{"duration":1.333333,"fps":24,"frameCount":32,"isMatrix":false,"hasPosition":true,"hasRotation":true,"hasScale":true,"name":"Bip001FBXASC032Pelvis"},{"duration":1.333333,"fps":24,"frameCount":32,"isMatrix":false,"hasPosition":true,"hasRotation":true,"hasScale":true,"name":"Bip001FBXASC032Spine"},{"duration":1.333333,"fps":24,"frameCount":32,"isMatrix":false,"hasPosition":true,"hasRotation":true,"hasScale":true,"name":"Bip001FBXASC032Spine1"},{"duration":1.333333,"fps":24,"frameCount":32,"isMatrix":false,"hasPosition":true,"hasRotation":true,"hasScale":true,"name":"Bip001FBXASC032Spine2"},{"duration":1.333333,"fps":24,"frameCount":32,"isMatrix":false,"hasPosition":true,"hasRotation":true,"hasScale":true,"name":"Bip001FBXASC032Spine3"},{"duration":1.333333,"fps":24,"frameCount":32,"isMatrix":false,"hasPosition":true,"hasRotation":true,"hasScale":true,"name":"Bip001FBXASC032Neck"},{"duration":1.333333,"fps":24,"frameCount":32,"isMatrix":false,"hasPosition":true,"hasRotation":true,"hasScale":true,"name":"Bip001FBXASC032LFBXASC032Clavicle"},{"duration":1.333333,"fps":24,"frameCount":32,"isMatrix":false,"hasPosition":true,"hasRotation":true,"hasScale":true,"name":"Bip001FBXASC032LFBXASC032UpperArm"},{"duration":1.333333,"fps":24,"frameCount":32,"isMatrix":false,"hasPosition":true,"hasRotation":true,"hasScale":true,"name":"Bip001FBXASC032LFBXASC032Forearm"},{"duration":1.333333,"fps":24,"frameCount":32,"isMatrix":false,"hasPosition":true,"hasRotation":true,"hasScale":true,"name":"Bip001FBXASC032LFBXASC032Hand"},{"duration":1.333333,"fps":24,"frameCount":32,"isMatrix":false,"hasPosition":true,"hasRotation":true,"hasScale":true,"name":"Bip001FBXASC032LFBXASC032Finger0"},{"duration":1.333333,"fps":24,"frameCount":32,"isMatrix":false,"hasPosition":true